13:25:02 17:02:2012	+5.028922E-01,+1.000000E-03,+9.910000E+37,+1.005811E+04,+3.584400E+04,+5.029320E-01,+1.000000E-03,+9.910000E+37,+1.005816E+04,+3.584400E+04,+5.029279E-01,+1.000000E-03,+9.910000E+37,+1.005821E+04,+3.584400E+04,+1.689375E-01,+0.000000E+00,+9.910000E+37,+1.005832E+04,+3.584400E+04
13:32:25 17:02:2012	+5.006936E-01,+1.000000E-03,+9.910000E+37,+1.050162E+04,+3.584400E+04,+5.006985E-01,+1.000000E-03,+9.910000E+37,+1.050167E+04,+3.584400E+04,+5.007632E-01,+1.000000E-03,+9.910000E+37,+1.050172E+04,+3.584400E+04,+1.691301E-01,+0.000000E+00,+9.910000E+37,+1.050183E+04,+3.584400E+04
16:57:05 20:02:2012	+5.048400E-01,+1.000000E-03,+9.910000E+37,+7.046982E+02,+3.584400E+04,+5.048373E-01,+1.000000E-03,+9.910000E+37,+7.047617E+02,+3.584400E+04,+5.048283E-01,+1.000000E-03,+9.910000E+37,+7.048174E+02,+3.584400E+04,+9.126977E-02,+0.000000E+00,+9.910000E+37,+7.049424E+02,+3.584400E+04
16:58:28 20:02:2012	+5.041385E-01,+1.000000E-03,+9.910000E+37,+7.880283E+02,+3.584400E+04,+5.041311E-01,+1.000000E-03,+9.910000E+37,+7.880908E+02,+3.584400E+04,+5.041279E-01,+1.000000E-03,+9.910000E+37,+7.881553E+02,+3.584400E+04,+8.954138E-02,+0.000000E+00,+9.910000E+37,+7.882783E+02,+3.584400E+04
17:00:42 20:02:2012	+5.026621E-01,+1.000000E-03,+9.910000E+37,+9.219111E+02,+3.584400E+04,+5.026559E-01,+1.000000E-03,+9.910000E+37,+9.219746E+02,+3.584400E+04,+5.026537E-01,+1.000000E-03,+9.910000E+37,+9.220381E+02,+3.584400E+04,+1.186470E-01,+0.000000E+00,+9.910000E+37,+9.221689E+02,+3.584400E+04
17:02:41 20:02:2012	+4.962364E-01,+1.000000E-03,+9.910000E+37,+1.041132E+03,+3.584400E+04,+4.962347E-01,+1.000000E-03,+9.910000E+37,+1.041195E+03,+3.584400E+04,+4.962347E-01,+1.000000E-03,+9.910000E+37,+1.041259E+03,+3.584400E+04,+1.162847E-01,+0.000000E+00,+9.910000E+37,+1.041376E+03,+3.584400E+04
17:04:51 20:02:2012	+9.999804E+00,+1.000000E-03,+9.910000E+37,+1.170348E+03,+3.585200E+04,+9.999609E+00,+1.000000E-03,+9.910000E+37,+1.170411E+03,+3.585200E+04,+9.999612E+00,+1.000000E-03,+9.910000E+37,+1.170475E+03,+3.585200E+04,-9.642067E-04,+0.000000E+00,+9.910000E+37,+1.170606E+03,+3.584400E+04
17:08:27 20:02:2012	+9.999843E+00,+1.000000E-03,+9.910000E+37,+1.386379E+03,+3.585200E+04,+9.999617E+00,+1.000000E-03,+9.910000E+37,+1.386442E+03,+3.585200E+04,+9.999621E+00,+1.000000E-03,+9.910000E+37,+1.386506E+03,+3.585200E+04,-1.031006E-03,+0.000000E+00,+9.910000E+37,+1.386637E+03,+3.584400E+04
13:52:27 27:02:2012	+5.015828E-01,+1.000000E-03,+9.910000E+37,+3.269561E+02,+3.584400E+04,+5.015835E-01,+1.000000E-03,+9.910000E+37,+3.270195E+02,+3.584400E+04,+5.015805E-01,+1.000000E-03,+9.910000E+37,+3.270830E+02,+3.584400E+04,+1.424941E-01,+0.000000E+00,+9.910000E+37,+3.272158E+02,+3.584400E+04
15:25:39 27:02:2012	+9.999703E+00,+1.000000E-03,+9.910000E+37,+5.728613E+01,+3.585200E+04,+9.999462E+00,+1.000000E-03,+9.910000E+37,+5.734863E+01,+3.585200E+04,+9.999454E+00,+1.000000E-03,+9.910000E+37,+5.741309E+01,+3.585200E+04,+9.436811E-04,+0.000000E+00,+9.910000E+37,+5.754395E+01,+3.584400E+04
prelim
15:28:53 27:02:2012	+9.999723E+00,+1.000000E-03,+9.910000E+37,+2.513271E+02,+3.585200E+04,+9.999491E+00,+1.000000E-03,+9.910000E+37,+2.513896E+02,+3.585200E+04,+9.999485E+00,+1.000000E-03,+9.910000E+37,+2.514531E+02,+3.585200E+04,+5.830738E-04,+0.000000E+00,+9.910000E+37,+2.515840E+02,+3.584400E+04
15:38:56 27:02:2012	+9.999849E+00,+1.000000E-03,+9.910000E+37,+8.535762E+02,+3.585200E+04,+9.999599E+00,+1.000000E-03,+9.910000E+37,+8.536387E+02,+3.585200E+04,+9.999575E+00,+1.000000E-03,+9.910000E+37,+8.537041E+02,+3.585200E+04,-9.288174E-04,+0.000000E+00,+9.910000E+37,+8.538281E+02,+3.584400E+04
15:39:57 27:02:2012	+9.999770E+00,+1.000000E-03,+9.910000E+37,+9.144687E+02,+3.585200E+04,+9.999588E+00,+1.000000E-03,+9.910000E+37,+9.145313E+02,+3.585200E+04,+9.999561E+00,+1.000000E-03,+9.910000E+37,+9.145947E+02,+3.585200E+04,-8.320859E-04,+0.000000E+00,+9.910000E+37,+9.147188E+02,+3.584400E+04
15:40:42 27:02:2012	+9.999827E+00,+1.000000E-03,+9.910000E+37,+9.601914E+02,+3.585200E+04,+9.999582E+00,+1.000000E-03,+9.910000E+37,+9.602539E+02,+3.585200E+04,+9.999599E+00,+1.000000E-03,+9.910000E+37,+9.603184E+02,+3.585200E+04,-8.182433E-04,+0.000000E+00,+9.910000E+37,+9.604424E+02,+3.584400E+04
15:41:24 27:02:2012	+9.999825E+00,+1.000000E-03,+9.910000E+37,+1.002303E+03,+3.585200E+04,+9.999609E+00,+1.000000E-03,+9.910000E+37,+1.002366E+03,+3.585200E+04,+9.999573E+00,+1.000000E-03,+9.910000E+37,+1.002423E+03,+3.585200E+04,-8.635812E-04,+0.000000E+00,+9.910000E+37,+1.002556E+03,+3.584400E+04
15:42:14 27:02:2012	+9.999769E+00,+1.000000E-03,+9.910000E+37,+1.052190E+03,+3.585200E+04,+9.999584E+00,+1.000000E-03,+9.910000E+37,+1.052254E+03,+3.585200E+04,+9.999567E+00,+1.000000E-03,+9.910000E+37,+1.052317E+03,+3.585200E+04,-7.702493E-04,+0.000000E+00,+9.910000E+37,+1.052449E+03,+3.584400E+04
15:42:59 27:02:2012	+9.999825E+00,+1.000000E-03,+9.910000E+37,+1.096686E+03,+3.585200E+04,+9.999606E+00,+1.000000E-03,+9.910000E+37,+1.096749E+03,+3.585200E+04,+9.999591E+00,+1.000000E-03,+9.910000E+37,+1.096812E+03,+3.585200E+04,-7.808562E-04,+0.000000E+00,+9.910000E+37,+1.096943E+03,+3.584400E+04
15:44:46 27:02:2012	+9.999782E+00,+1.000000E-03,+9.910000E+37,+1.204160E+03,+3.585200E+04,+9.999589E+00,+1.000000E-03,+9.910000E+37,+1.204223E+03,+3.585200E+04,+9.999584E+00,+1.000000E-03,+9.910000E+37,+1.204287E+03,+3.585200E+04,+9.880075E+00,+0.000000E+00,+9.910000E+37,+1.204351E+03,+3.584400E+04
15:45:49 27:02:2012	+9.999784E+00,+1.000000E-03,+9.910000E+37,+1.266194E+03,+3.585200E+04,+9.999605E+00,+1.000000E-03,+9.910000E+37,+1.266257E+03,+3.585200E+04,+9.999593E+00,+1.000000E-03,+9.910000E+37,+1.266321E+03,+3.585200E+04,-1.105600E-03,+0.000000E+00,+9.910000E+37,+1.266447E+03,+3.584400E+04

15:46:32 27:02:2012	+9.999778E+00,+1.000000E-03,+9.910000E+37,+1.309319E+03,+3.585200E+04,+9.999586E+00,+1.000000E-03,+9.910000E+37,+1.309382E+03,+3.585200E+04,+9.999580E+00,+1.000000E-03,+9.910000E+37,+1.309446E+03,+3.585200E+04,-1.132039E-03,+0.000000E+00,+9.910000E+37,+1.309570E+03,+3.584400E+04
A
16:12:13 27:02:2012	+4.952559E-01,+1.000000E-03,+9.910000E+37,+2.850664E+03,+3.584400E+04,+4.952738E-01,+1.000000E-03,+9.910000E+37,+2.850728E+03,+3.584400E+04,+4.952867E-01,+1.000000E-03,+9.910000E+37,+2.850791E+03,+3.584400E+04,+1.053833E-01,+0.000000E+00,+9.910000E+37,+2.850915E+03,+3.584400E+04
16:14:20 27:02:2012	+4.940569E-01,+1.000000E-03,+9.910000E+37,+2.977170E+03,+3.584400E+04,+4.940663E-01,+1.000000E-03,+9.910000E+37,+2.977232E+03,+3.584400E+04,+4.940703E-01,+1.000000E-03,+9.910000E+37,+2.977296E+03,+3.584400E+04,+1.068237E-01,+0.000000E+00,+9.910000E+37,+2.977420E+03,+3.584400E+04
16:15:16 27:02:2012	+4.918950E-01,+1.000000E-03,+9.910000E+37,+3.033052E+03,+3.584400E+04,+4.919000E-01,+1.000000E-03,+9.910000E+37,+3.033114E+03,+3.584400E+04,+4.919004E-01,+1.000000E-03,+9.910000E+37,+3.033179E+03,+3.584400E+04,+9.302469E-02,+0.000000E+00,+9.910000E+37,+3.033302E+03,+3.584400E+04
16:16:05 27:02:2012	+4.965222E-01,+1.000000E-03,+9.910000E+37,+3.081976E+03,+3.584400E+04,+4.965269E-01,+1.000000E-03,+9.910000E+37,+3.082039E+03,+3.584400E+04,+4.965345E-01,+1.000000E-03,+9.910000E+37,+3.082103E+03,+3.584400E+04,+9.814478E-02,+0.000000E+00,+9.910000E+37,+3.082221E+03,+3.584400E+04
16:16:47 27:02:2012	+4.924555E-01,+1.000000E-03,+9.910000E+37,+3.124530E+03,+3.584400E+04,+4.924574E-01,+1.000000E-03,+9.910000E+37,+3.124593E+03,+3.584400E+04,+4.924571E-01,+1.000000E-03,+9.910000E+37,+3.124656E+03,+3.584400E+04,+9.919201E-02,+0.000000E+00,+9.910000E+37,+3.124787E+03,+3.584400E+04
16:17:31 27:02:2012	+4.972424E-01,+1.000000E-03,+9.910000E+37,+3.168830E+03,+3.584400E+04,+4.972602E-01,+1.000000E-03,+9.910000E+37,+3.168894E+03,+3.584400E+04,+4.972714E-01,+1.000000E-03,+9.910000E+37,+3.168957E+03,+3.584400E+04,+8.933081E-02,+0.000000E+00,+9.910000E+37,+3.169081E+03,+3.584400E+04
16:18:10 27:02:2012	+4.912798E-01,+1.000000E-03,+9.910000E+37,+3.207393E+03,+3.584400E+04,+4.913206E-01,+1.000000E-03,+9.910000E+37,+3.207456E+03,+3.584400E+04,+4.913572E-01,+1.000000E-03,+9.910000E+37,+3.207520E+03,+3.584400E+04,+9.479225E-02,+0.000000E+00,+9.910000E+37,+3.207645E+03,+3.584400E+04
16:18:51 27:02:2012	+4.956866E-01,+1.000000E-03,+9.910000E+37,+3.248586E+03,+3.584400E+04,+4.957204E-01,+1.000000E-03,+9.910000E+37,+3.248648E+03,+3.584400E+04,+4.957490E-01,+1.000000E-03,+9.910000E+37,+3.248713E+03,+3.584400E+04,+9.340461E-02,+0.000000E+00,+9.910000E+37,+3.248838E+03,+3.584400E+04
16:19:37 27:02:2012	+4.911967E-01,+1.000000E-03,+9.910000E+37,+3.293881E+03,+3.584400E+04,+4.912103E-01,+1.000000E-03,+9.910000E+37,+3.293944E+03,+3.584400E+04,+4.912236E-01,+1.000000E-03,+9.910000E+37,+3.294008E+03,+3.584400E+04,+1.133286E-01,+0.000000E+00,+9.910000E+37,+3.294140E+03,+3.584400E+04
B
16:36:13 27:02:2012	+9.999813E+00,+1.000000E-03,+9.910000E+37,+4.289903E+03,+3.585200E+04,+9.999685E+00,+1.000000E-03,+9.910000E+37,+4.289966E+03,+3.585200E+04,+9.999662E+00,+1.000000E-03,+9.910000E+37,+4.290030E+03,+3.585200E+04,+9.267058E+00,+0.000000E+00,+9.910000E+37,+4.290094E+03,+3.584400E+04
16:40:38 27:02:2012	+5.023919E-01,+1.000000E-03,+9.910000E+37,+4.555072E+03,+3.584400E+04,+5.024031E-01,+1.000000E-03,+9.910000E+37,+4.555136E+03,+3.584400E+04,+5.024155E-01,+1.000000E-03,+9.910000E+37,+4.555199E+03,+3.584400E+04,+8.247795E-02,+0.000000E+00,+9.910000E+37,+4.555331E+03,+3.584400E+04
16:41:50 27:02:2012	+5.042466E-01,+1.000000E-03,+9.910000E+37,+4.627237E+03,+3.584400E+04,+5.042685E-01,+1.000000E-03,+9.910000E+37,+4.627301E+03,+3.584400E+04,+5.042797E-01,+1.000000E-03,+9.910000E+37,+4.627364E+03,+3.584400E+04,+8.884181E-02,+0.000000E+00,+9.910000E+37,+4.627489E+03,+3.584400E+04
16:42:45 27:02:2012	+4.964706E-01,+1.000000E-03,+9.910000E+37,+4.681563E+03,+3.584400E+04,+4.964886E-01,+1.000000E-03,+9.910000E+37,+4.681626E+03,+3.584400E+04,+4.964875E-01,+1.000000E-03,+9.910000E+37,+4.681689E+03,+3.584400E+04,+7.575189E-02,+0.000000E+00,+9.910000E+37,+4.681813E+03,+3.584400E+04
16:43:34 27:02:2012	+4.980681E-01,+1.000000E-03,+9.910000E+37,+4.731374E+03,+3.584400E+04,+4.980879E-01,+1.000000E-03,+9.910000E+37,+4.731437E+03,+3.584400E+04,+4.981024E-01,+1.000000E-03,+9.910000E+37,+4.731501E+03,+3.584400E+04,+7.811109E-02,+0.000000E+00,+9.910000E+37,+4.731625E+03,+3.584400E+04
16:44:25 27:02:2012	+9.999885E+00,+1.000000E-03,+9.910000E+37,+4.781628E+03,+3.585200E+04,+9.999672E+00,+1.000000E-03,+9.910000E+37,+4.781691E+03,+3.585200E+04,+9.999689E+00,+1.000000E-03,+9.910000E+37,+4.781755E+03,+3.585200E+04,+9.982006E+00,+0.000000E+00,+9.910000E+37,+4.781818E+03,+3.584400E+04
16:45:36 27:02:2012	+4.926098E-01,+1.000000E-03,+9.910000E+37,+4.853125E+03,+3.584400E+04,+4.926174E-01,+1.000000E-03,+9.910000E+37,+4.853188E+03,+3.584400E+04,+4.926167E-01,+1.000000E-03,+9.910000E+37,+4.853252E+03,+3.584400E+04,+1.328379E-01,+0.000000E+00,+9.910000E+37,+4.853377E+03,+3.584400E+04
16:46:23 27:02:2012	+5.002990E-01,+1.000000E-03,+9.910000E+37,+4.900146E+03,+3.584400E+04,+5.003254E-01,+1.000000E-03,+9.910000E+37,+4.900210E+03,+3.584400E+04,+5.003435E-01,+1.000000E-03,+9.910000E+37,+4.900273E+03,+3.584400E+04,+7.573282E-02,+0.000000E+00,+9.910000E+37,+4.900405E+03,+3.584400E+04
16:47:10 27:02:2012	+5.122876E-01,+1.000000E-03,+9.910000E+37,+4.946901E+03,+3.584400E+04,+5.123067E-01,+1.000000E-03,+9.910000E+37,+4.946965E+03,+3.584400E+04,+5.123202E-01,+1.000000E-03,+9.910000E+37,+4.947028E+03,+3.584400E+04,+5.433679E-02,+0.000000E+00,+9.910000E+37,+4.947146E+03,+3.584400E+04
checks B
16:48:28 27:02:2012	+4.923879E-01,+1.000000E-03,+9.910000E+37,+5.025194E+03,+3.584400E+04,+4.923869E-01,+1.000000E-03,+9.910000E+37,+5.025257E+03,+3.584400E+04,+4.923897E-01,+1.000000E-03,+9.910000E+37,+5.025321E+03,+3.584400E+04,+1.062476E-01,+0.000000E+00,+9.910000E+37,+5.025439E+03,+3.584400E+04
16:50:35 27:02:2012	+4.968841E-01,+1.000000E-03,+9.910000E+37,+5.151562E+03,+3.584400E+04,+4.968806E-01,+1.000000E-03,+9.910000E+37,+5.151626E+03,+3.584400E+04,+4.968796E-01,+1.000000E-03,+9.910000E+37,+5.151689E+03,+3.584400E+04,+1.133121E-01,+0.000000E+00,+9.910000E+37,+5.151814E+03,+3.584400E+04
16:51:57 27:02:2012	+9.999832E+00,+1.000000E-03,+9.910000E+37,+5.233322E+03,+3.585200E+04,+9.999660E+00,+1.000000E-03,+9.910000E+37,+5.233385E+03,+3.585200E+04,+9.999640E+00,+1.000000E-03,+9.910000E+37,+5.233449E+03,+3.585200E+04,+9.972563E+00,+0.000000E+00,+9.910000E+37,+5.233514E+03,+3.584400E+04
16:52:21 27:02:2012	+9.999860E+00,+1.000000E-03,+9.910000E+37,+5.257526E+03,+3.585200E+04,+9.999643E+00,+1.000000E-03,+9.910000E+37,+5.257590E+03,+3.585200E+04,+9.999652E+00,+1.000000E-03,+9.910000E+37,+5.257653E+03,+3.585200E+04,+9.979302E+00,+0.000000E+00,+9.910000E+37,+5.257718E+03,+3.584400E+04
16:52:36 27:02:2012	+9.999858E+00,+1.000000E-03,+9.910000E+37,+5.272690E+03,+3.585200E+04,+9.999624E+00,+1.000000E-03,+9.910000E+37,+5.272753E+03,+3.585200E+04,+9.999644E+00,+1.000000E-03,+9.910000E+37,+5.272817E+03,+3.585200E+04,+9.976892E+00,+0.000000E+00,+9.910000E+37,+5.272882E+03,+3.584400E+04
16:53:06 27:02:2012	+9.999874E+00,+1.000000E-03,+9.910000E+37,+5.302737E+03,+3.585200E+04,+9.999664E+00,+1.000000E-03,+9.910000E+37,+5.302801E+03,+3.585200E+04,+9.999640E+00,+1.000000E-03,+9.910000E+37,+5.302864E+03,+3.585200E+04,+9.981223E+00,+0.000000E+00,+9.910000E+37,+5.302928E+03,+3.584400E+04
16:53:58 27:02:2012	+9.999869E+00,+1.000000E-03,+9.910000E+37,+5.354646E+03,+3.585200E+04,+9.999686E+00,+1.000000E-03,+9.910000E+37,+5.354710E+03,+3.585200E+04,+9.999689E+00,+1.000000E-03,+9.910000E+37,+5.354774E+03,+3.585200E+04,+9.973405E+00,+0.000000E+00,+9.910000E+37,+5.354838E+03,+3.584400E+04
16:54:43 27:02:2012	+9.999836E+00,+1.000000E-03,+9.910000E+37,+5.399530E+03,+3.585200E+04,+9.999644E+00,+1.000000E-03,+9.910000E+37,+5.399593E+03,+3.585200E+04,+9.999647E+00,+1.000000E-03,+9.910000E+37,+5.399657E+03,+3.585200E+04,+9.976299E+00,+0.000000E+00,+9.910000E+37,+5.399722E+03,+3.584400E+04
16:57:00 27:02:2012	+5.041534E-01,+1.000000E-03,+9.910000E+37,+5.536276E+03,+3.584400E+04,+5.041640E-01,+1.000000E-03,+9.910000E+37,+5.536340E+03,+3.584400E+04,+5.041708E-01,+1.000000E-03,+9.910000E+37,+5.536403E+03,+3.584400E+04,+7.804089E-02,+0.000000E+00,+9.910000E+37,+5.536527E+03,+3.584400E+04
16:43:20 28:02:2012	+9.999782E+00,+1.000000E-03,+9.910000E+37,+6.308135E+02,+3.585200E+04,+9.999564E+00,+1.000000E-03,+9.910000E+37,+6.308770E+02,+3.585200E+04,+9.999550E+00,+1.000000E-03,+9.910000E+37,+6.309404E+02,+3.585200E+04,+9.994633E+00,+0.000000E+00,+9.910000E+37,+6.310039E+02,+3.584400E+04
