2/3/2012 Main diode results (vf) - annealing effect

C

15:34:08 05:03:2012	+5.215961E-01,+1.000000E-03,+9.910000E+37,+8.044824E+02,+3.584400E+04,+5.216293E-01,+1.000000E-03,+9.910000E+37,+8.045459E+02,+3.584400E+04,+5.216407E-01,+1.000000E-03,+9.910000E+37,+8.046025E+02,+3.584400E+04,+1.270107E-02,+0.000000E+00,+9.910000E+37,+8.047334E+02,+3.584400E+04
15:37:28 05:03:2012	+5.047677E-01,+1.000000E-03,+9.910000E+37,+1.005150E+03,+3.584400E+04,+5.047744E-01,+1.000000E-03,+9.910000E+37,+1.005213E+03,+3.584400E+04,+5.047751E-01,+1.000000E-03,+9.910000E+37,+1.005277E+03,+3.584400E+04,+3.276877E-03,+0.000000E+00,+9.910000E+37,+1.005408E+03,+3.584400E+04
15:38:23 05:03:2012	+5.091136E-01,+1.000000E-03,+9.910000E+37,+1.059567E+03,+3.584400E+04,+5.091344E-01,+1.000000E-03,+9.910000E+37,+1.059631E+03,+3.584400E+04,+5.091416E-01,+1.000000E-03,+9.910000E+37,+1.059694E+03,+3.584400E+04,+7.195348E-03,+0.000000E+00,+9.910000E+37,+1.059825E+03,+3.584400E+04
15:39:01 05:03:2012	+5.161181E-01,+1.000000E-03,+9.910000E+37,+1.097701E+03,+3.584400E+04,+5.161298E-01,+1.000000E-03,+9.910000E+37,+1.097764E+03,+3.584400E+04,+5.161235E-01,+1.000000E-03,+9.910000E+37,+1.097828E+03,+3.584400E+04,+8.491262E-03,+0.000000E+00,+9.910000E+37,+1.097960E+03,+3.584400E+04
15:40:32 05:03:2012	+4.960334E-01,+1.000000E-03,+9.910000E+37,+1.188449E+03,+3.584400E+04,+4.960265E-01,+1.000000E-03,+9.910000E+37,+1.188512E+03,+3.584400E+04,+4.960225E-01,+1.000000E-03,+9.910000E+37,+1.188576E+03,+3.584400E+04,+9.782172E-02,+0.000000E+00,+9.910000E+37,+1.188707E+03,+3.584400E+04
15:41:15 05:03:2012	+5.236162E-01,+1.000000E-03,+9.910000E+37,+1.231801E+03,+3.584400E+04,+5.236418E-01,+1.000000E-03,+9.910000E+37,+1.231863E+03,+3.584400E+04,+5.236390E-01,+1.000000E-03,+9.910000E+37,+1.231928E+03,+3.584400E+04,+6.144678E-02,+0.000000E+00,+9.910000E+37,+1.232059E+03,+3.584400E+04
15:41:48 05:03:2012	+5.239456E-01,+1.000000E-03,+9.910000E+37,+1.264153E+03,+3.584400E+04,+5.239594E-01,+1.000000E-03,+9.910000E+37,+1.264216E+03,+3.584400E+04,+5.239696E-01,+1.000000E-03,+9.910000E+37,+1.264280E+03,+3.584400E+04,+1.720430E-02,+0.000000E+00,+9.910000E+37,+1.264412E+03,+3.584400E+04

D

15:45:25 05:03:2012	+7.625217E-01,+1.000000E-03,+9.910000E+37,+1.481656E+03,+3.584400E+04,+7.631817E-01,+1.000000E-03,+9.910000E+37,+1.481719E+03,+3.584400E+04,+7.635460E-01,+1.000000E-03,+9.910000E+37,+1.481783E+03,+3.584400E+04,+1.440102E-02,+0.000000E+00,+9.910000E+37,+1.481915E+03,+3.584400E+04
15:46:03 05:03:2012	+8.437393E-01,+1.000000E-03,+9.910000E+37,+1.519278E+03,+3.584400E+04,+8.444941E-01,+1.000000E-03,+9.910000E+37,+1.519341E+03,+3.584400E+04,+8.449022E-01,+1.000000E-03,+9.910000E+37,+1.519404E+03,+3.584400E+04,+1.013682E-02,+0.000000E+00,+9.910000E+37,+1.519536E+03,+3.584400E+04
15:46:33 05:03:2012	+7.426217E-01,+1.000000E-03,+9.910000E+37,+1.549289E+03,+3.584400E+04,+7.432727E-01,+1.000000E-03,+9.910000E+37,+1.549353E+03,+3.584400E+04,+7.436714E-01,+1.000000E-03,+9.910000E+37,+1.549408E+03,+3.584400E+04,+1.170366E-02,+0.000000E+00,+9.910000E+37,+1.549533E+03,+3.584400E+04
15:47:08 05:03:2012	+7.174065E-01,+1.000000E-03,+9.910000E+37,+1.584689E+03,+3.584400E+04,+7.179769E-01,+1.000000E-03,+9.910000E+37,+1.584753E+03,+3.584400E+04,+7.182710E-01,+1.000000E-03,+9.910000E+37,+1.584816E+03,+3.584400E+04,+1.112330E-02,+0.000000E+00,+9.910000E+37,+1.584948E+03,+3.584400E+04
15:47:49 05:03:2012	+6.775720E-01,+1.000000E-03,+9.910000E+37,+1.625553E+03,+3.584400E+04,+6.780915E-01,+1.000000E-03,+9.910000E+37,+1.625616E+03,+3.584400E+04,+6.783624E-01,+1.000000E-03,+9.910000E+37,+1.625680E+03,+3.584400E+04,+1.426284E-02,+0.000000E+00,+9.910000E+37,+1.625811E+03,+3.584400E+04
15:48:22 05:03:2012	+6.909472E-01,+1.000000E-03,+9.910000E+37,+1.658235E+03,+3.584400E+04,+6.913987E-01,+1.000000E-03,+9.910000E+37,+1.658299E+03,+3.584400E+04,+6.916261E-01,+1.000000E-03,+9.910000E+37,+1.658362E+03,+3.584400E+04,+1.293950E-02,+0.000000E+00,+9.910000E+37,+1.658494E+03,+3.584400E+04

E

15:50:10 05:03:2012	+1.248231E+00,+1.000000E-03,+9.910000E+37,+1.765937E+03,+3.584400E+04,+1.250233E+00,+1.000000E-03,+9.910000E+37,+1.766001E+03,+3.584400E+04,+1.251607E+00,+1.000000E-03,+9.910000E+37,+1.766058E+03,+3.584400E+04,+5.521155E-03,+0.000000E+00,+9.910000E+37,+1.766188E+03,+3.584400E+04
15:51:30 05:03:2012	+1.592089E+00,+1.000000E-03,+9.910000E+37,+1.846450E+03,+3.584400E+04,+1.594939E+00,+1.000000E-03,+9.910000E+37,+1.846513E+03,+3.584400E+04,+1.596578E+00,+1.000000E-03,+9.910000E+37,+1.846576E+03,+3.584400E+04,+3.656083E-03,+0.000000E+00,+9.910000E+37,+1.846699E+03,+3.584400E+04
15:52:10 05:03:2012	+1.496623E+00,+1.000000E-03,+9.910000E+37,+1.886038E+03,+3.584400E+04,+1.498710E+00,+1.000000E-03,+9.910000E+37,+1.886102E+03,+3.584400E+04,+1.499921E+00,+1.000000E-03,+9.910000E+37,+1.886165E+03,+3.584400E+04,+5.168210E-03,+0.000000E+00,+9.910000E+37,+1.886297E+03,+3.584400E+04
15:53:01 05:03:2012	+1.321734E+00,+1.000000E-03,+9.910000E+37,+1.937446E+03,+3.584400E+04,+1.323921E+00,+1.000000E-03,+9.910000E+37,+1.937509E+03,+3.584400E+04,+1.325221E+00,+1.000000E-03,+9.910000E+37,+1.937573E+03,+3.584400E+04,+5.097087E-03,+0.000000E+00,+9.910000E+37,+1.937705E+03,+3.584400E+04
15:53:27 05:03:2012	+1.328780E+00,+1.000000E-03,+9.910000E+37,+1.963146E+03,+3.584400E+04,+1.330735E+00,+1.000000E-03,+9.910000E+37,+1.963209E+03,+3.584400E+04,+1.332075E+00,+1.000000E-03,+9.910000E+37,+1.963267E+03,+3.584400E+04,+3.508542E-03,+0.000000E+00,+9.910000E+37,+1.963398E+03,+3.584400E+04
15:53:52 05:03:2012	+1.523768E+00,+1.000000E-03,+9.910000E+37,+1.988321E+03,+3.584400E+04,+1.526214E+00,+1.000000E-03,+9.910000E+37,+1.988384E+03,+3.584400E+04,+1.527538E+00,+1.000000E-03,+9.910000E+37,+1.988448E+03,+3.584400E+04,+6.642278E-03,+0.000000E+00,+9.910000E+37,+1.988573E+03,+3.584400E+04

F

15:57:56 05:03:2012	+8.069468E+00,+1.000000E-03,+9.910000E+37,+2.232296E+03,+3.584400E+04,+8.089427E+00,+1.000000E-03,+9.910000E+37,+2.232358E+03,+3.584400E+04,+8.086317E+00,+1.000000E-03,+9.910000E+37,+2.232422E+03,+3.584400E+04,+6.784823E-04,+0.000000E+00,+9.910000E+37,+2.232553E+03,+3.584400E+04
15:58:42 05:03:2012	+9.318019E+00,+1.000000E-03,+9.910000E+37,+2.277810E+03,+3.584400E+04,+9.332448E+00,+1.000000E-03,+9.910000E+37,+2.277872E+03,+3.584400E+04,+9.332202E+00,+1.000000E-03,+9.910000E+37,+2.277936E+03,+3.584400E+04,+9.614422E-04,+0.000000E+00,+9.910000E+37,+2.278059E+03,+3.584400E+04
15:59:27 05:03:2012	+8.087731E+00,+1.000000E-03,+9.910000E+37,+2.322701E+03,+3.584400E+04,+8.109921E+00,+1.000000E-03,+9.910000E+37,+2.322764E+03,+3.584400E+04,+8.112989E+00,+1.000000E-03,+9.910000E+37,+2.322821E+03,+3.584400E+04,+1.028494E-03,+0.000000E+00,+9.910000E+37,+2.322946E+03,+3.584400E+04
15:59:48 05:03:2012	+6.723691E+00,+1.000000E-03,+9.910000E+37,+2.344116E+03,+3.584400E+04,+6.736745E+00,+1.000000E-03,+9.910000E+37,+2.344179E+03,+3.584400E+04,+6.736751E+00,+1.000000E-03,+9.910000E+37,+2.344236E+03,+3.584400E+04,+8.064511E-04,+0.000000E+00,+9.910000E+37,+2.344367E+03,+3.584400E+04
16:00:04 05:03:2012	+3.713422E+00,+1.000000E-03,+9.910000E+37,+2.360066E+03,+3.584400E+04,+3.726756E+00,+1.000000E-03,+9.910000E+37,+2.360130E+03,+3.584400E+04,+3.729901E+00,+1.000000E-03,+9.910000E+37,+2.360187E+03,+3.584400E+04,+1.680609E-03,+0.000000E+00,+9.910000E+37,+2.360318E+03,+3.584400E+04
16:00:17 05:03:2012	+5.304574E+00,+1.000000E-03,+9.910000E+37,+2.373140E+03,+3.584400E+04,+5.314800E+00,+1.000000E-03,+9.910000E+37,+2.373202E+03,+3.584400E+04,+5.314625E+00,+1.000000E-03,+9.910000E+37,+2.373260E+03,+3.584400E+04,+9.449460E-04,+0.000000E+00,+9.910000E+37,+2.373391E+03,+3.584400E+04

G

16:04:52 05:03:2012	+2.039941E+01,+1.000000E-03,+9.910000E+37,+2.648092E+03,+3.584400E+04,+2.040063E+01,+1.000000E-03,+9.910000E+37,+2.648154E+03,+3.584400E+04,+2.038892E+01,+1.000000E-03,+9.910000E+37,+2.648212E+03,+3.584400E+04,+7.311055E-04,+0.000000E+00,+9.910000E+37,+2.648344E+03,+3.584400E+04
16:05:13 05:03:2012	+2.292451E+01,+1.000000E-03,+9.910000E+37,+2.668806E+03,+3.584400E+04,+2.288036E+01,+1.000000E-03,+9.910000E+37,+2.668868E+03,+3.584400E+04,+2.285460E+01,+1.000000E-03,+9.910000E+37,+2.668933E+03,+3.584400E+04,+6.470619E-04,+0.000000E+00,+9.910000E+37,+2.669063E+03,+3.584400E+04
16:05:40 05:03:2012	+2.181573E+01,+1.000000E-03,+9.910000E+37,+2.695775E+03,+3.584400E+04,+2.179451E+01,+1.000000E-03,+9.910000E+37,+2.695838E+03,+3.584400E+04,+2.177787E+01,+1.000000E-03,+9.910000E+37,+2.695902E+03,+3.584400E+04,+5.624389E-04,+0.000000E+00,+9.910000E+37,+2.696035E+03,+3.584400E+04
16:05:58 05:03:2012	+2.039718E+01,+1.000000E-03,+9.910000E+37,+2.714007E+03,+3.584400E+04,+2.038627E+01,+1.000000E-03,+9.910000E+37,+2.714069E+03,+3.584400E+04,+2.036984E+01,+1.000000E-03,+9.910000E+37,+2.714127E+03,+3.584400E+04,+6.342141E-04,+0.000000E+00,+9.910000E+37,+2.714250E+03,+3.584400E+04
16:06:26 05:03:2012	+2.218270E+01,+1.000000E-03,+9.910000E+37,+2.741468E+03,+3.584400E+04,+2.214677E+01,+1.000000E-03,+9.910000E+37,+2.741530E+03,+3.584400E+04,+2.212248E+01,+1.000000E-03,+9.910000E+37,+2.741588E+03,+3.584400E+04,+6.433310E-04,+0.000000E+00,+9.910000E+37,+2.741713E+03,+3.584400E+04
16:06:40 05:03:2012	+2.050755E+01,+1.000000E-03,+9.910000E+37,+2.755651E+03,+3.584400E+04,+2.049916E+01,+1.000000E-03,+9.910000E+37,+2.755714E+03,+3.584400E+04,+2.048440E+01,+1.000000E-03,+9.910000E+37,+2.755771E+03,+3.584400E+04,+6.342974E-04,+0.000000E+00,+9.910000E+37,+2.755895E+03,+3.584400E+04

H

16:09:44 05:03:2012	+5.545840E+01,+1.000000E-03,+9.910000E+37,+2.939209E+03,+3.584400E+04,+5.507373E+01,+1.000000E-03,+9.910000E+37,+2.939272E+03,+3.584400E+04,+5.475301E+01,+1.000000E-03,+9.910000E+37,+2.939336E+03,+3.584400E+04,+6.810378E-04,+0.000000E+00,+9.910000E+37,+2.939469E+03,+3.584400E+04
16:10:08 05:03:2012	+5.398586E+01,+1.000000E-03,+9.910000E+37,+2.963740E+03,+3.584400E+04,+5.355801E+01,+1.000000E-03,+9.910000E+37,+2.963804E+03,+3.584400E+04,+5.323540E+01,+1.000000E-03,+9.910000E+37,+2.963867E+03,+3.584400E+04,+8.056095E-04,+0.000000E+00,+9.910000E+37,+2.963984E+03,+3.584400E+04
16:10:30 05:03:2012	+5.569716E+01,+1.000000E-03,+9.910000E+37,+2.985749E+03,+3.584400E+04,+5.532452E+01,+1.000000E-03,+9.910000E+37,+2.985812E+03,+3.584400E+04,+5.496728E+01,+1.000000E-03,+9.910000E+37,+2.985869E+03,+3.584400E+04,+6.343763E-04,+0.000000E+00,+9.910000E+37,+2.986000E+03,+3.584400E+04
16:10:50 05:03:2012	+5.363379E+01,+1.000000E-03,+9.910000E+37,+3.004949E+03,+3.584400E+04,+5.327757E+01,+1.000000E-03,+9.910000E+37,+3.005013E+03,+3.584400E+04,+5.294153E+01,+1.000000E-03,+9.910000E+37,+3.005069E+03,+3.584400E+04,+6.362001E-04,+0.000000E+00,+9.910000E+37,+3.005201E+03,+3.584400E+04
16:11:15 05:03:2012	+4.696512E+01,+1.000000E-03,+9.910000E+37,+3.029924E+03,+3.584400E+04,+4.668336E+01,+1.000000E-03,+9.910000E+37,+3.029987E+03,+3.584400E+04,+4.645271E+01,+1.000000E-03,+9.910000E+37,+3.030051E+03,+3.584400E+04,+7.714624E-04,+0.000000E+00,+9.910000E+37,+3.030183E+03,+3.584400E+04
16:11:33 05:03:2012	+5.251845E+01,+1.000000E-03,+9.910000E+37,+3.048169E+03,+3.584400E+04,+5.214612E+01,+1.000000E-03,+9.910000E+37,+3.048231E+03,+3.584400E+04,+5.183052E+01,+1.000000E-03,+9.910000E+37,+3.048296E+03,+3.584400E+04,+6.461450E-04,+0.000000E+00,+9.910000E+37,+3.048429E+03,+3.584400E+04
